type: mandelbrot
pixels:     2560
centerx:    0.30820836067024604
centery:    0.030620936230004017
axislength: 0.03
iterations: 100
